vds	temperatura	nd	imodulacion	corriente
1	300	5,00E+23	0,119654535	258,474245
1	300	1,00E+24	0,121913843	451,5834884
1	300	5,00E+24	0,213013142	1433,254465
1	300	1,00E+25	0,242498501	2601,032414
1	400	5,00E+23	0,152403021	178,0863568
1	400	1,00E+24	0,190244879	328,4530838
1	400	5,00E+24	0,267766324	1157,482729
1	400	1,00E+25	0,283906259	2095,15708
1	500	5,00E+23	0,26103262	127,8550386
1	500	1,00E+24	0,253537965	243,5935156
1	500	5,00E+24	0,300204566	950,1858925
1	500	1,00E+25	0,346509241	1744,368794
1	600	5,00E+23	0,375527387	95,61604702
1	600	1,00E+24	0,327351204	190,4751747
1	600	5,00E+24	0,423706218	801,2480182
1	600	1,00E+25	0,499383745	1496,06484
1	700	5,00E+23	0,412987638	77,02770691
1	700	1,00E+24	0,395125959	154,2729103
1	700	5,00E+24	0,45760883	689,7736226
1	700	1,00E+25	0,464843549	1306,665284
2	300	5,00E+23	0,070403212	481,6353456
2	300	1,00E+24	0,084003731	851,9829366
2	300	5,00E+24	0,10494582	2855,59498
2	300	1,00E+25	0,122647526	5181,9569
2	400	5,00E+23	0,090338408	341,3165666
2	400	1,00E+24	0,109201592	632,3040195
2	400	5,00E+24	0,115283422	2313,055768
2	400	1,00E+25	0,138031617	4167,48551
2	500	5,00E+23	0,121281142	247,5663365
2	500	1,00E+24	0,123830683	476,571037
2	500	5,00E+24	0,160357728	1899,569686
2	500	1,00E+25	0,166207448	3496,960939
2	600	5,00E+23	0,154546827	188,4244322
2	600	1,00E+24	0,151497005	375,5749885
2	600	5,00E+24	0,193412525	1601,646411
2	600	1,00E+25	0,228895884	2990,551252
2	700	5,00E+23	0,197891593	152,5131962
2	700	1,00E+24	0,235428743	308,6030843
2	700	5,00E+24	0,250357134	1382,289283
2	700	1,00E+25	0,283835567	2615,218546
3	300	5,00E+23	0,044070595	685,7549995
3	300	1,00E+24	0,053065639	1223,076052
3	300	5,00E+24	0,069979355	4240,590019
3	300	1,00E+25	0,072641131	7731,306376
3	400	5,00E+23	0,069296499	495,7776867
3	400	1,00E+24	0,071045281	921,238377
3	400	5,00E+24	0,083303235	3445,948766
3	400	1,00E+25	0,093710973	6241,970433
3	500	5,00E+23	0,080552033	363,8945296
3	500	1,00E+24	0,081912893	704,4144516
3	500	5,00E+24	0,103475124	2836,331178
3	500	1,00E+25	0,117075608	5221,632923
3	600	5,00E+23	0,102907256	280,44141
3	600	1,00E+24	0,096084081	556,1351445
3	600	5,00E+24	0,114375292	2396,634867
3	600	1,00E+25	0,141709632	4469,584828
3	700	5,00E+23	0,142374496	226,0908442
3	700	1,00E+24	0,128631026	457,5656107
3	700	5,00E+24	0,164844154	2070,668444
3	700	1,00E+25	0,143963428	3918,239334
4	300	5,00E+23	0,03511403	866,9957252
4	300	1,00E+24	0,037360252	1558,592627
4	300	5,00E+24	0,047679585	5584,274252
4	300	1,00E+25	0,05728614	10219,04002
4	400	5,00E+23	0,046853926	641,5827115
4	400	1,00E+24	0,044942845	1198,055527
4	400	5,00E+24	0,05802446	4555,788187
4	400	1,00E+25	0,081826027	8280,872339
4	500	5,00E+23	0,061718788	478,7967932
4	500	1,00E+24	0,075675836	923,0160968
4	500	5,00E+24	0,08079699	3766,612906
4	500	1,00E+25	0,09144645	6935,496133
4	600	5,00E+23	0,074143671	371,7464744
4	600	1,00E+24	0,078145855	735,2166114
4	600	5,00E+24	0,094465825	3178,182241
4	600	1,00E+25	0,097931102	5956,16818
4	700	5,00E+23	0,106950133	298,5725539
4	700	1,00E+24	0,104864554	606,0676561
4	700	5,00E+24	0,120157606	2754,508908
4	700	1,00E+25	0,123828743	5226,393873
5	300	5,00E+23	0,029530195	1027,800596
5	300	1,00E+24	0,034086898	1872,158719
5	300	5,00E+24	0,039366532	6865,542283
5	300	1,00E+25	0,047370719	12648,36365
5	400	5,00E+23	0,037015856	779,0157151
5	400	1,00E+24	0,043704915	1459,953775
5	400	5,00E+24	0,045324625	5636,181677
5	400	1,00E+25	0,067179347	10295,57411
5	500	5,00E+23	0,049116523	589,5517222
5	500	1,00E+24	0,05092652	1136,047919
5	500	5,00E+24	0,063211773	4673,435801
5	500	1,00E+25	0,068480428	8644,665082
5	600	5,00E+23	0,070169414	459,8382924
5	600	1,00E+24	0,071172419	910,2031482
5	600	5,00E+24	0,080892744	3960,697295
5	600	1,00E+25	0,078209012	7437,355491
5	700	5,00E+23	0,071290087	372,5585783
5	700	1,00E+24	0,08697943	753,4528742
5	700	5,00E+24	0,084436856	3433,479168
5	700	1,00E+25	0,089421376	6525,887517
6	300	5,00E+23	0,027306847	1177,388448
6	300	1,00E+24	0,028245887	2157,110606
6	300	5,00E+24	0,036952323	8096,133568
6	300	1,00E+25	0,043626332	15003,03939
6	400	5,00E+23	0,036552187	907,4088064
6	400	1,00E+24	0,040434589	1709,032728
6	400	5,00E+24	0,04741948	6695,484062
6	400	1,00E+25	0,059520897	12284,49734
6	500	5,00E+23	0,046755898	696,9357699
6	500	1,00E+24	0,051390187	1342,272993
6	500	5,00E+24	0,054316072	5572,563272
6	500	1,00E+25	0,061587465	10339,80962
6	600	5,00E+23	0,058311841	544,5305122
6	600	1,00E+24	0,060652025	1082,676524
6	600	5,00E+24	0,067422572	4734,340859
6	600	1,00E+25	0,075880902	8905,739943
6	700	5,00E+23	0,070331293	442,957632
6	700	1,00E+24	0,071502225	897,8176223
6	700	5,00E+24	0,073783277	4111,625951
6	700	1,00E+25	0,083964702	7820,365982
7	300	5,00E+23	0,024293542	1303,420346
7	300	1,00E+24	0,023469292	2415,177552
7	300	5,00E+24	0,031242733	9268,869714
7	300	1,00E+25	0,03893352	17271,436
7	400	5,00E+23	0,028209197	1023,488923
7	400	1,00E+24	0,032764123	1942,811392
7	400	5,00E+24	0,039783045	7719,377626
7	400	1,00E+25	0,045879085	14230,02795
7	500	5,00E+23	0,045023255	797,3582091
7	500	1,00E+24	0,046316326	1543,561394
7	500	5,00E+24	0,047347049	6451,71381
7	500	1,00E+25	0,047243178	12006,08028
7	600	5,00E+23	0,047147897	626,9797277
7	600	1,00E+24	0,053022427	1249,365279
7	600	5,00E+24	0,057685052	5493,733446
7	600	1,00E+25	0,05786894	10347,666
7	700	5,00E+23	0,065704719	513,7538667
7	700	1,00E+24	0,056205213	1039,815935
7	700	5,00E+24	0,058909972	4776,455033
7	700	1,00E+25	0,06389683	9092,964631
8	300	5,00E+23	0,020740551	1422,171555
8	300	1,00E+24	0,022944182	2652,237806
8	300	5,00E+24	0,031901742	10389,41504
8	300	1,00E+25	0,032789882	19462,29953
8	400	5,00E+23	0,029100297	1140,115243
8	400	1,00E+24	0,02784863	2163,246935
8	400	5,00E+24	0,040106757	8708,887508
8	400	1,00E+25	0,035187295	16131,38021
8	500	5,00E+23	0,030699695	890,999071
8	500	1,00E+24	0,041639557	1734,329933
8	500	5,00E+24	0,040815012	7314,199635
8	500	1,00E+25	0,047457843	13652,13282
8	600	5,00E+23	0,039801994	709,5629141
8	600	1,00E+24	0,047119342	1413,348013
8	600	5,00E+24	0,045822939	6247,935422
8	600	1,00E+25	0,053665882	11796,04842
8	700	5,00E+23	0,051553261	581,3788906
8	700	1,00E+24	0,051011839	1181,374617
8	700	5,00E+24	0,053216325	5437,060737
8	700	1,00E+25	0,057242432	10374,04999
9	300	5,00E+23	0,017394138	1534,083075
9	300	1,00E+24	0,019637458	2868,379813
9	300	5,00E+24	0,026275332	11453,5493
9	300	1,00E+25	0,026545338	21558,10552
9	400	5,00E+23	0,023237276	1239,771156
9	400	1,00E+24	0,025478767	2375,072655
9	400	5,00E+24	0,033800442	9666,762464
9	400	1,00E+25	0,037645717	17982,79758
9	500	5,00E+23	0,030785135	979,6921486
9	500	1,00E+24	0,036431505	1917,226999
9	500	5,00E+24	0,040388559	8157,563094
9	500	1,00E+25	0,04205597	15266,16443
9	600	5,00E+23	0,035512669	784,9442009
9	600	1,00E+24	0,039425985	1570,240369
9	600	5,00E+24	0,042927805	6988,325885
9	600	1,00E+25	0,047908193	13216,19036
9	700	5,00E+23	0,053733231	647,9902807
9	700	1,00E+24	0,045222704	1319,657541
9	700	5,00E+24	0,057913285	6093,731422
9	700	1,00E+25	0,056916278	11649,51791
10	300	5,00E+23	0,017882348	1630,750345
10	300	1,00E+24	0,018911988	3074,615662
10	300	5,00E+24	0,024185152	12462,61012
10	300	1,00E+25	0,026197305	23580,05222
10	400	5,00E+23	0,022102916	1335,32241
10	400	1,00E+24	0,022644666	2569,4204
10	400	5,00E+24	0,026737322	10590,03606
10	400	1,00E+25	0,031449583	19796,55079
10	500	5,00E+23	0,030094794	1071,147173
10	500	1,00E+24	0,030014365	2093,830501
10	500	5,00E+24	0,041011664	8984,969667
10	500	1,00E+25	0,039331235	16870,01843
10	600	5,00E+23	0,030388774	862,003759
10	600	1,00E+24	0,035408904	1728,933608
10	600	5,00E+24	0,039206185	7716,896012
10	600	1,00E+25	0,041253538	14619,97805
10	700	5,00E+23	0,042832129	715,7960167
10	700	1,00E+24	0,050998874	1459,450082
10	700	5,00E+24	0,04250611	6743,880865
10	700	1,00E+25	0,044226137	12908,58553
11	300	5,00E+23	0,019325172	1719,938207
11	300	1,00E+24	0,01931762	3264,044685
11	300	5,00E+24	0,021597954	13424,23472
11	300	1,00E+25	0,023407626	25518,73193
11	400	5,00E+23	0,023527006	1432,433168
11	400	1,00E+24	0,019006798	2755,911381
11	400	5,00E+24	0,027196601	11491,11755
11	400	1,00E+25	0,029894802	21562,15943
11	500	5,00E+23	0,02551095	1155,05956
11	500	1,00E+24	0,024491308	2262,693079
11	500	5,00E+24	0,036228676	9787,197921
11	500	1,00E+25	0,037187481	18435,45503
11	600	5,00E+23	0,038169794	939,4368221
11	600	1,00E+24	0,032082374	1881,003046
11	600	5,00E+24	0,03522228	8433,500333
11	600	1,00E+25	0,035937926	16011,82156
11	700	5,00E+23	0,042753995	781,9043976
11	700	1,00E+24	0,037899424	1585,912513
11	700	5,00E+24	0,046034507	7386,281541
11	700	1,00E+25	0,045690444	14144,69159
12	300	5,00E+23	0,015828111	1800,426593
12	300	1,00E+24	0,016167833	3440,115203
12	300	5,00E+24	0,020646687	14345,33956
12	300	1,00E+25	0,02487922	27373,87814
12	400	5,00E+23	0,019462598	1511,340465
12	400	1,00E+24	0,020306671	2929,192279
12	400	5,00E+24	0,024023666	12351,7368
12	400	1,00E+25	0,025946081	23286,47466
12	500	5,00E+23	0,022986152	1238,023308
12	500	1,00E+24	0,02632734	2431,144305
12	500	5,00E+24	0,028712956	10569,02393
12	500	1,00E+25	0,03647473	19982,32194
12	600	5,00E+23	0,02490759	1014,400472
12	600	1,00E+24	0,032181849	2029,535116
12	600	5,00E+24	0,031613551	9141,08322
12	600	1,00E+25	0,032286621	17396,97593
12	700	5,00E+23	0,037283262	845,5528988
12	700	1,00E+24	0,036828748	1719,033913
12	700	5,00E+24	0,037855953	8021,877153
12	700	1,00E+25	0,036772529	15378,8937
13	300	5,00E+23	0,01449389	1876,445092
13	300	1,00E+24	0,013897743	3596,056171
13	300	5,00E+24	0,019316684	15220,51975
13	300	1,00E+25	0,022294154	29145,53448
13	400	5,00E+23	0,018876463	1587,703827
13	400	1,00E+24	0,01903208	3095,927682
13	400	5,00E+24	0,02068021	13183,70761
13	400	1,00E+25	0,022701132	24950,24888
13	500	5,00E+23	0,0243374	1308,678838
13	500	1,00E+24	0,022141675	2589,899579
13	500	5,00E+24	0,028512076	11334,83612
13	500	1,00E+25	0,029443961	21485,26045
13	600	5,00E+23	0,027300917	1081,584308
13	600	1,00E+24	0,02743225	2172,36163
13	600	5,00E+24	0,032323509	9832,027671
13	600	1,00E+25	0,03358449	18744,12478
13	700	5,00E+23	0,033178494	904,9620237
13	700	1,00E+24	0,034519933	1849,212317
13	700	5,00E+24	0,036715793	8647,102739
13	700	1,00E+25	0,037310429	16607,6068
14	300	5,00E+23	0,0149092	1949,981716
14	300	1,00E+24	0,014587623	3756,000599
14	300	5,00E+24	0,018021697	16064,41188
14	300	1,00E+25	0,022730982	30850,73149
14	400	5,00E+23	0,017541112	1672,738069
14	400	1,00E+24	0,020136427	3249,037559
14	400	5,00E+24	0,02159569	13986,00281
14	400	1,00E+25	0,026998582	26584,05652
14	500	5,00E+23	0,024908795	1384,403721
14	500	1,00E+24	0,020172055	2742,751928
14	500	5,00E+24	0,025554202	12083,71465
14	500	1,00E+25	0,025863285	22969,43661
14	600	5,00E+23	0,02586891	1144,808165
14	600	1,00E+24	0,0270697	2312,463928
14	600	5,00E+24	0,027846204	10517,81483
14	600	1,00E+25	0,033209103	20094,27406
14	700	5,00E+23	0,032601402	966,3198441
14	700	1,00E+24	0,031538948	1976,098481
14	700	5,00E+24	0,035672186	9256,355834
14	700	1,00E+25	0,038761925	17811,98298
15	300	5,00E+23	0,012445542	2009,495147
15	300	1,00E+24	0,015718119	3898,061992
15	300	5,00E+24	0,01967581	16866,63929
15	300	1,00E+25	0,024844636	32488,11508
15	400	5,00E+23	0,016259184	1734,765646
15	400	1,00E+24	0,019450686	3399,910276
15	400	5,00E+24	0,01972115	14768,13813
15	400	1,00E+25	0,023976967	28147,76672
15	500	5,00E+23	0,024034404	1459,784699
15	500	1,00E+24	0,022588757	2886,828964
15	500	5,00E+24	0,022859196	12811,66024
15	500	1,00E+25	0,026428418	24420,70645
15	600	5,00E+23	0,024522877	1211,943365
15	600	1,00E+24	0,025542717	2445,996214
15	600	5,00E+24	0,028495084	11177,76059
15	600	1,00E+25	0,027239835	21410,31817
15	700	5,00E+23	0,028418285	1025,838827
15	700	1,00E+24	0,028277558	2096,651076
15	700	5,00E+24	0,034272967	9873,490796
15	700	1,00E+25	0,033088116	19012,64355
16	300	5,00E+23	0,014281622	2077,173209
16	300	1,00E+24	0,014604755	4032,450698
16	300	5,00E+24	0,019023717	17639,95083
16	300	1,00E+25	0,018723981	34065,95513
16	400	5,00E+23	0,020024074	1804,171914
16	400	1,00E+24	0,015282708	3541,310115
16	400	5,00E+24	0,018414277	15527,93219
16	400	1,00E+25	0,022737573	29685,26547
16	500	5,00E+23	0,020480419	1516,570972
16	500	1,00E+24	0,019836722	3024,06757
16	500	5,00E+24	0,023237847	13525,40169
16	500	1,00E+25	0,024113093	25850,4341
16	600	5,00E+23	0,024597701	1283,806456
16	600	1,00E+24	0,022872003	2579,641604
16	600	5,00E+24	0,030169148	11840,96847
16	600	1,00E+25	0,024546103	22712,85622
16	700	5,00E+23	0,027886202	1084,469544
16	700	1,00E+24	0,024895722	2214,902367
16	700	5,00E+24	0,032792577	10470,89898
16	700	1,00E+25	0,029299564	20204,42428
17	300	5,00E+23	0,012405806	2139,158871
17	300	1,00E+24	0,013021835	4155,214737
17	300	5,00E+24	0,016858939	18384,38339
17	300	1,00E+25	0,01856988	35564,94987
17	400	5,00E+23	0,014448047	1874,510434
17	400	1,00E+24	0,015979313	3678,945793
17	400	5,00E+24	0,017347585	16257,40469
17	400	1,00E+25	0,018968075	31168,49829
17	500	5,00E+23	0,019407905	1581,894265
17	500	1,00E+24	0,019966367	3158,835115
17	500	5,00E+24	0,022036768	14214,86338
17	500	1,00E+25	0,025598733	27239,15976
17	600	5,00E+23	0,022867705	1333,352057
17	600	1,00E+24	0,023542406	2708,051122
17	600	5,00E+24	0,025543465	12486,03987
17	600	1,00E+25	0,025764103	23987,13154
17	700	5,00E+23	0,030905781	1139,790215
17	700	1,00E+24	0,025914654	2336,048129
17	700	5,00E+24	0,028611627	11059,03028
17	700	1,00E+25	0,031803567	21371,11951
18	300	5,00E+23	0,012119603	2188,172277
18	300	1,00E+24	0,014158995	4286,45041
18	300	5,00E+24	0,018621969	19092,71168
18	300	1,00E+25	0,018254368	37011,27286
18	400	5,00E+23	0,016983372	1930,087187
18	400	1,00E+24	0,015174739	3811,132194
18	400	5,00E+24	0,01629363	16963,51121
18	400	1,00E+25	0,019689721	32628,35701
18	500	5,00E+23	0,017186506	1651,791687
18	500	1,00E+24	0,017533129	3287,795268
18	500	5,00E+24	0,019839209	14893,16807
18	500	1,00E+25	0,019933782	28604,28199
18	600	5,00E+23	0,021928748	1393,70227
18	600	1,00E+24	0,021044545	2829,154172
18	600	5,00E+24	0,022884335	13117,26348
18	600	1,00E+25	0,023108835	25252,13783
18	700	5,00E+23	0,026152114	1197,217373
18	700	1,00E+24	0,023061243	2450,527116
18	700	5,00E+24	0,026737954	11645,89448
18	700	1,00E+25	0,027610682	22532,15419
19	300	5,00E+23	0,014040191	2236,683409
19	300	1,00E+24	0,015736096	4391,936954
19	300	5,00E+24	0,015901189	19791,32469
19	300	1,00E+25	0,021685259	38397,31035
19	400	5,00E+23	0,014719678	1984,200761
19	400	1,00E+24	0,01564967	3938,686285
19	400	5,00E+24	0,019889398	17641,06377
19	400	1,00E+25	0,017826979	34040,7205
19	500	5,00E+23	0,017561799	1702,961997
19	500	1,00E+24	0,01689953	3416,35937
19	500	5,00E+24	0,022239408	15553,09657
19	500	1,00E+25	0,02187193	29952,4721
19	600	5,00E+23	0,02210247	1453,362553
19	600	1,00E+24	0,024165042	2949,630141
19	600	5,00E+24	0,026799521	13734,97811
19	600	1,00E+25	0,023761567	26474,56487
19	700	5,00E+23	0,020982133	1244,616167
19	700	1,00E+24	0,02456686	2568,711189
19	700	5,00E+24	0,025615076	12228,43293
19	700	1,00E+25	0,029597134	23678,38604
20	300	5,00E+23	0,014815025	2292,523635
20	300	1,00E+24	0,015438994	4504,704633
20	300	5,00E+24	0,015019319	20442,68731
20	300	1,00E+25	0,018146214	39725,30074
20	400	5,00E+23	0,015535132	2035,182163
20	400	1,00E+24	0,014838808	4053,943235
20	400	5,00E+24	0,017752806	18302,81677
20	400	1,00E+25	0,019985942	35393,03601
20	500	5,00E+23	0,019187256	1758,512752
20	500	1,00E+24	0,019700322	3534,702299
20	500	5,00E+24	0,020340225	16198,657
20	500	1,00E+25	0,020029918	31243,61172
20	600	5,00E+23	0,017909447	1510,499007
20	600	1,00E+24	0,021499756	3069,183103
20	600	5,00E+24	0,022930289	14349,41785
20	600	1,00E+25	0,021026331	27710,32253
20	700	5,00E+23	0,021287749	1295,15909
20	700	1,00E+24	0,023053868	2668,996234
20	700	5,00E+24	0,026823837	12787,30733
20	700	1,00E+25	0,026012999	24808,9369
21	300	5,00E+23	0,013015293	2333,91324
21	300	1,00E+24	0,013112525	4615,51867
21	300	5,00E+24	0,015730387	21092,04725
21	300	1,00E+25	0,016714243	40993,64865
21	400	5,00E+23	0,014593689	2084,82778
21	400	1,00E+24	0,01398032	4161,492533
21	400	5,00E+24	0,017576482	18949,95179
21	400	1,00E+25	0,020328901	36729,10542
21	500	5,00E+23	0,016505235	1812,449881
21	500	1,00E+24	0,016202156	3654,253506
21	500	5,00E+24	0,019658869	16818,76957
21	500	1,00E+25	0,021205449	32534,4231
21	600	5,00E+23	0,019766001	1557,080514
21	600	1,00E+24	0,020385715	3187,842118
21	600	5,00E+24	0,020676915	14945,83644
21	600	1,00E+25	0,021606901	28910,4281
21	700	5,00E+23	0,025800354	1351,885649
21	700	1,00E+24	0,022939101	2783,227268
21	700	5,00E+24	0,023544076	13341,08589
21	700	1,00E+25	0,025068712	25905,88524
22	300	5,00E+23	0,011587717	2385,001951
22	300	1,00E+24	0,013133301	4708,505902
22	300	5,00E+24	0,015185505	21703,97854
22	300	1,00E+25	0,01868019	42199,58062
22	400	5,00E+23	0,015062194	2141,201141
22	400	1,00E+24	0,017622428	4276,328606
22	400	5,00E+24	0,019698528	19580,52194
22	400	1,00E+25	0,017624471	38027,36929
22	500	5,00E+23	0,017675305	1869,361749
22	500	1,00E+24	0,017455427	3769,176418
22	500	5,00E+24	0,019259097	17439,69882
22	500	1,00E+25	0,019527938	33778,53086
22	600	5,00E+23	0,018093875	1606,643669
22	600	1,00E+24	0,017554412	3285,001079
22	600	5,00E+24	0,020403609	15515,21107
22	600	1,00E+25	0,022172837	30084,65277
22	700	5,00E+23	0,022893375	1404,924123
22	700	1,00E+24	0,01986382	2885,48923
22	700	5,00E+24	0,021005674	13892,18707
22	700	1,00E+25	0,022009918	27004,1897
23	300	5,00E+23	0,013418386	2419,253661
23	300	1,00E+24	0,012994712	4792,427463
23	300	5,00E+24	0,015523646	22288,93261
23	300	1,00E+25	0,016089718	43368,96327
23	400	5,00E+23	0,01733112	2164,990352
23	400	1,00E+24	0,015089143	4365,742438
23	400	5,00E+24	0,016755552	20172,73354
23	400	1,00E+25	0,017359965	39259,502
23	500	5,00E+23	0,015923516	1906,47709
23	500	1,00E+24	0,015388496	3868,217457
23	500	5,00E+24	0,019816974	18014,89585
23	500	1,00E+25	0,018786451	35000,32524
23	600	5,00E+23	0,016654441	1661,38253
23	600	1,00E+24	0,017355965	3395,305407
23	600	5,00E+24	0,020801527	16088,74344
23	600	1,00E+25	0,022093864	31241,62694
23	700	5,00E+23	0,022244149	1446,244514
23	700	1,00E+24	0,01974972	2986,171686
23	700	5,00E+24	0,023019372	14434,17961
23	700	1,00E+25	0,023147289	28075,07139
24	300	5,00E+23	0,013869753	2445,718505
24	300	1,00E+24	0,015110158	4884,398841
24	300	5,00E+24	0,014056762	22864,96815
24	300	1,00E+25	0,018045062	44439,15648
24	400	5,00E+23	0,0151151	2217,544093
24	400	1,00E+24	0,013488124	4468,178011
24	400	5,00E+24	0,017593731	20756,08244
24	400	1,00E+25	0,017417884	40469,52364
24	500	5,00E+23	0,013964271	1955,781272
24	500	1,00E+24	0,017944473	3963,942599
24	500	5,00E+24	0,020393142	18599,20638
24	500	1,00E+25	0,016332405	36183,18266
24	600	5,00E+23	0,017762901	1707,631339
24	600	1,00E+24	0,01995623	3499,293781
24	600	5,00E+24	0,017772059	16652,26407
24	600	1,00E+25	0,021123226	32362,21307
24	700	5,00E+23	0,021288448	1493,163492
24	700	1,00E+24	0,022391055	3090,655664
24	700	5,00E+24	0,021182981	14951,60452
24	700	1,00E+25	0,023743286	29127,72861
25	300	5,00E+23	0,012564741	2478,942698
25	300	1,00E+24	0,014579512	4960,723625
25	300	5,00E+24	0,014301874	23396,0408
25	300	1,00E+25	0,020103039	45449,81483
25	400	5,00E+23	0,014287976	2260,109428
25	400	1,00E+24	0,013623795	4555,129509
25	400	5,00E+24	0,014938613	21318,66415
25	400	1,00E+25	0,018701481	41604,86892
25	500	5,00E+23	0,015448858	1996,865664
25	500	1,00E+24	0,01415775	4074,690617
25	500	5,00E+24	0,018098849	19154,37713
25	500	1,00E+25	0,020537738	37348,83955
25	600	5,00E+23	0,017378872	1754,972175
25	600	1,00E+24	0,016171537	3594,728404
25	600	5,00E+24	0,017303761	17186,28945
25	600	1,00E+25	0,021608705	33466,39597
25	700	5,00E+23	0,021480308	1539,016356
25	700	1,00E+24	0,019445287	3175,385279
25	700	5,00E+24	0,018627475	15467,8462
25	700	1,00E+25	0,020926772	30168,37857
26	300	5,00E+23	0,012100402	2497,125228
26	300	1,00E+24	0,013352074	5040,105137
26	300	5,00E+24	0,014827917	23916,32963
26	300	1,00E+25	0,017608811	46412,21463
26	400	5,00E+23	0,013024514	2300,719883
26	400	1,00E+24	0,014425578	4653,300435
26	400	5,00E+24	0,015305127	21847,82108
26	400	1,00E+25	0,018567333	42724,98998
26	500	5,00E+23	0,014693974	2038,534845
26	500	1,00E+24	0,016189561	4161,743358
26	500	5,00E+24	0,01700901	19695,89012
26	500	1,00E+25	0,016072508	38451,83128
26	600	5,00E+23	0,017199628	1797,989195
26	600	1,00E+24	0,020186461	3683,572445
26	600	5,00E+24	0,016875956	17712,77997
26	600	1,00E+25	0,019229057	34544,98275
26	700	5,00E+23	0,022868837	1574,071907
26	700	1,00E+24	0,020914453	3274,270282
26	700	5,00E+24	0,021784579	15972,22607
26	700	1,00E+25	0,020500226	31185,90094
27	300	5,00E+23	0,013426498	2525,623725
27	300	1,00E+24	0,012379602	5108,019886
27	300	5,00E+24	0,01604204	24406,56176
27	300	1,00E+25	0,015872005	47252,98423
27	400	5,00E+23	0,013304805	2339,528155
27	400	1,00E+24	0,014130378	4723,644835
27	400	5,00E+24	0,015904645	22374,87678
27	400	1,00E+25	0,014963829	43770,48891
27	500	5,00E+23	0,016094152	2082,453795
27	500	1,00E+24	0,014450721	4253,848668
27	500	5,00E+24	0,016850143	20222,0337
27	500	1,00E+25	0,017285441	39529,85546
27	600	5,00E+23	0,017026251	1832,60787
27	600	1,00E+24	0,016789639	3775,411746
27	600	5,00E+24	0,016490762	18225,49017
27	600	1,00E+25	0,02034032	35579,93734
27	700	5,00E+23	0,018540154	1619,97524
27	700	1,00E+24	0,020262428	3366,317891
27	700	5,00E+24	0,021739087	16456,42986
27	700	1,00E+25	0,021285407	32184,81266
28	300	5,00E+23	0,014285264	2549,28462
28	300	1,00E+24	0,014059745	5144,260652
28	300	5,00E+24	0,015376318	24868,21389
28	300	1,00E+25	0,01782788	48058,90951
28	400	5,00E+23	0,015548295	2344,455214
28	400	1,00E+24	0,014586411	4795,127137
28	400	5,00E+24	0,015844151	22845,51502
28	400	1,00E+25	0,017470563	44778,31832
28	500	5,00E+23	0,015279979	2110,283231
28	500	1,00E+24	0,014193916	4325,401616
28	500	5,00E+24	0,017502207	20721,27182
28	500	1,00E+25	0,017174618	40572,29551
28	600	5,00E+23	0,015080649	1871,658501
28	600	1,00E+24	0,018425913	3859,646234
28	600	5,00E+24	0,020087134	18722,45232
28	600	1,00E+25	0,020215934	36603,63681
28	700	5,00E+23	0,01783547	1652,53324
28	700	1,00E+24	0,019631056	3445,226051
28	700	5,00E+24	0,019753833	16934,53926
28	700	1,00E+25	0,024284855	33138,75905
29	300	5,00E+23	0,013576301	2550,323207
29	300	1,00E+24	0,013535572	5204,844487
29	300	5,00E+24	0,013940678	25282,03356
29	300	1,00E+25	0,017435797	48727,95163
29	400	5,00E+23	0,015390887	2366,348011
29	400	1,00E+24	0,015461025	4858,78114
29	400	5,00E+24	0,016335378	23316,00211
29	400	1,00E+25	0,01629464	45714,21954
29	500	5,00E+23	0,016847684	2154,102803
29	500	1,00E+24	0,015990777	4398,388908
29	500	5,00E+24	0,014686325	21203,9666
29	500	1,00E+25	0,015520127	41557,69243
29	600	5,00E+23	0,018057303	1901,276977
29	600	1,00E+24	0,016409711	3948,430521
29	600	5,00E+24	0,019094952	19196,45449
29	600	1,00E+25	0,019531533	37589,88467
29	700	5,00E+23	0,017212291	1689,701662
29	700	1,00E+24	0,01824006	3535,725808
29	700	5,00E+24	0,020742654	17398,20228
29	700	1,00E+25	0,021920323	34093,62335
30	300	5,00E+23	0,014543663	2560,955985
30	300	1,00E+24	0,012041425	5222,66886
30	300	5,00E+24	0,01429367	25639,61672
30	300	1,00E+25	0,018462998	49291,07498
30	400	5,00E+23	0,014305634	2382,190347
30	400	1,00E+24	0,014444201	4918,343612
30	400	5,00E+24	0,014913292	23743,19726
30	400	1,00E+25	0,01796114	46585,9889
30	500	5,00E+23	0,014692729	2163,623797
30	500	1,00E+24	0,015247306	4469,723362
30	500	5,00E+24	0,016701951	21661,67292
30	500	1,00E+25	0,018244165	42493,35718
30	600	5,00E+23	0,017113614	1937,768858
30	600	1,00E+24	0,018653264	4028,274401
30	600	5,00E+24	0,019447145	19656,52646
30	600	1,00E+25	0,01686906	38538,117
30	700	5,00E+23	0,019775953	1722,66272
30	700	1,00E+24	0,016641243	3600,345229
30	700	5,00E+24	0,021507498	17838,09252
30	700	1,00E+25	0,019247108	34998,32223
31	300	5,00E+23	0,01429071	2562,199226
31	300	1,00E+24	0,014583545	5267,664918
31	300	5,00E+24	0,014029128	25988,87621
31	300	1,00E+25	0,018218173	49728,28379
31	400	5,00E+23	0,014055568	2409,101429
31	400	1,00E+24	0,014717027	4960,890169
31	400	5,00E+24	0,016665166	24155,78573
31	400	1,00E+25	0,016198113	47366,41666
31	500	5,00E+23	0,015300745	2182,380925
31	500	1,00E+24	0,015849192	4525,748212
31	500	5,00E+24	0,017493568	22092,60397
31	500	1,00E+25	0,016469355	43397,10263
31	600	5,00E+23	0,017769497	1956,243116
31	600	1,00E+24	0,015344847	4096,121653
31	600	5,00E+24	0,017116161	20090,98391
31	600	1,00E+25	0,02233981	39435,49733
31	700	5,00E+23	0,017162141	1759,515317
31	700	1,00E+24	0,016778046	3680,54638
31	700	5,00E+24	0,019090367	18286,92937
31	700	1,00E+25	0,023147252	35854,44768
32	300	5,00E+23	0,014917441	2556,845681
32	300	1,00E+24	0,013732173	5273,184876
32	300	5,00E+24	0,014788906	26275,81083
32	300	1,00E+25	0,017582574	50054,91255
32	400	5,00E+23	0,013515054	2403,709305
32	400	1,00E+24	0,016541848	4991,540011
32	400	5,00E+24	0,016615481	24512,12043
32	400	1,00E+25	0,015309008	48082,10806
32	500	5,00E+23	0,014230773	2211,489654
32	500	1,00E+24	0,016133653	4581,284944
32	500	5,00E+24	0,017798106	22475,62754
32	500	1,00E+25	0,015581554	44230,01383
32	600	5,00E+23	0,015385536	1993,307858
32	600	1,00E+24	0,018235863	4162,083748
32	600	5,00E+24	0,018334698	20508,98222
32	600	1,00E+25	0,019450336	40288,65285
32	700	5,00E+23	0,018116361	1788,654314
32	700	1,00E+24	0,017172295	3750,798268
32	700	5,00E+24	0,017672376	18680,73362
32	700	1,00E+25	0,02251263	36713,75288
33	300	5,00E+23	0,015743648	2552,035368
33	300	1,00E+24	0,012871405	5299,392356
33	300	5,00E+24	0,013690781	26531,11627
33	300	1,00E+25	0,017322418	50219,55111
33	400	5,00E+23	0,014569623	2413,338639
33	400	1,00E+24	0,013911647	5009,972434
33	400	5,00E+24	0,015980277	24837,21927
33	400	1,00E+25	0,015570463	48679,59886
33	500	5,00E+23	0,016431325	2224,168985
33	500	1,00E+24	0,01488337	4649,001925
33	500	5,00E+24	0,018288884	22863,7452
33	500	1,00E+25	0,017997738	44998,48352
33	600	5,00E+23	0,015155618	2014,484833
33	600	1,00E+24	0,016549938	4214,753312
33	600	5,00E+24	0,017202037	20907,76673
33	600	1,00E+25	0,017306937	41082,67581
33	700	5,00E+23	0,018668405	1808,408321
33	700	1,00E+24	0,018282485	3818,632995
33	700	5,00E+24	0,018701637	19083,80098
33	700	1,00E+25	0,018477354	37501,41184
34	300	5,00E+23	0,014624621	2572,718755
34	300	1,00E+24	0,015634823	5301,025992
34	300	5,00E+24	0,01596334	26727,54293
34	300	1,00E+25	0,02028418	50287,07298
34	400	5,00E+23	0,014956107	2406,288713
34	400	1,00E+24	0,01546116	5040,293663
34	400	5,00E+24	0,015297946	25132,21398
34	400	1,00E+25	0,016257888	49217,71074
34	500	5,00E+23	0,015188672	2240,246083
34	500	1,00E+24	0,016170877	4692,100613
34	500	5,00E+24	0,013139249	23211,63542
34	500	1,00E+25	0,018060135	45694,90283
34	600	5,00E+23	0,013702074	2032,134748
34	600	1,00E+24	0,019941589	4278,862074
34	600	5,00E+24	0,019171173	21270,99704
34	600	1,00E+25	0,017757217	41846,94616
34	700	5,00E+23	0,019060602	1832,627276
34	700	1,00E+24	0,02188274	3871,864841
34	700	5,00E+24	0,018288044	19456,16728
34	700	1,00E+25	0,018436318	38285,89599
35	300	5,00E+23	0,016949513	2557,320272
35	300	1,00E+24	0,013920482	5302,554229
35	300	5,00E+24	0,016180851	26837,96142
35	300	1,00E+25	0,102622206	50250,72691
35	400	5,00E+23	0,016470374	2429,50312
35	400	1,00E+24	0,016324321	5080,59302
35	400	5,00E+24	0,015465149	25384,47747
35	400	1,00E+25	0,016671818	49630,07207
35	500	5,00E+23	0,016279469	2240,575318
35	500	1,00E+24	0,016321267	4714,049626
35	500	5,00E+24	0,017216649	23522,20929
35	500	1,00E+25	0,019243323	46306,65494
35	600	5,00E+23	0,016489767	2047,371774
35	600	1,00E+24	0,01625715	4315,002015
35	600	5,00E+24	0,02137064	21620,58404
35	600	1,00E+25	0,014816687	42559,80556
35	700	5,00E+23	0,017543954	1856,142026
35	700	1,00E+24	0,014852412	3928,741981
35	700	5,00E+24	0,01731317	19811,2476
35	700	1,00E+25	0,019340783	38995,55192
36	300	5,00E+23	0,017070389	2521,949815
36	300	1,00E+24	0,017680143	5317,148778
36	300	5,00E+24	0,014550693	26916,9368
36	300	1,00E+25	0,154436968	50073,17288
36	400	5,00E+23	0,016045911	2412,267147
36	400	1,00E+24	0,01589682	5077,324981
36	400	5,00E+24	0,01703047	25589,75528
36	400	1,00E+25	0,016322012	49909,46774
36	500	5,00E+23	0,019234375	2248,844792
36	500	1,00E+24	0,016553413	4743,102012
36	500	5,00E+24	0,015659355	23792,67874
36	500	1,00E+25	0,017312842	46879,67018
36	600	5,00E+23	0,019946674	2059,329495
36	600	1,00E+24	0,017614949	4365,531794
36	600	5,00E+24	0,016848659	21914,61663
36	600	1,00E+25	0,015184738	43209,81499
36	700	5,00E+23	0,016820575	1873,14252
36	700	1,00E+24	0,017582175	3983,130944
36	700	5,00E+24	0,018887877	20141,37109
36	700	1,00E+25	0,017894487	39670,27075
37	300	5,00E+23	0,016717587	2563,567833
37	300	1,00E+24	0,017608986	5323,316632
37	300	5,00E+24	0,016911782	26948,96793
37	300	1,00E+25	0,385580972	49737,49741
37	400	5,00E+23	0,016458178	2442,060392
37	400	1,00E+24	0,015572032	5083,972034
37	400	5,00E+24	0,016936986	25747,53462
37	400	1,00E+25	0,01678947	50111,48514
37	500	5,00E+23	0,015419083	2251,17222
37	500	1,00E+24	0,015325767	4765,145568
37	500	5,00E+24	0,016586715	24045,38959
37	500	1,00E+25	0,018141137	47317,8741
37	600	5,00E+23	0,016627851	2075,568952
37	600	1,00E+24	0,017425374	4398,879263
37	600	5,00E+24	0,019798598	22214,2428
37	600	1,00E+25	0,018209402	43800,96228
37	700	5,00E+23	0,016800512	1872,043815
37	700	1,00E+24	0,017017656	4032,930481
37	700	5,00E+24	0,017149337	20444,13454
37	700	1,00E+25	0,019716081	40300,08847
38	300	5,00E+23	0,0182481	2549,755859
38	300	1,00E+24	0,019893335	5314,399912
38	300	5,00E+24	0,022760959	26938,07468
38	300	1,00E+25	0,768291631	49600,25286
38	400	5,00E+23	0,015315694	2428,841581
38	400	1,00E+24	0,017618295	5083,464889
38	400	5,00E+24	0,016715999	25883,10603
38	400	1,00E+25	0,017094726	50203,5435
38	500	5,00E+23	0,020696732	2229,742272
38	500	1,00E+24	0,016468706	4778,783084
38	500	5,00E+24	0,016659716	24248,97504
38	500	1,00E+25	0,01739655	47709,98976
38	600	5,00E+23	0,017198616	2079,218683
38	600	1,00E+24	0,017349226	4426,573718
38	600	5,00E+24	0,018427274	22468,99668
38	600	1,00E+25	0,017522759	44296,82937
38	700	5,00E+23	0,020249841	1897,827914
38	700	1,00E+24	0,017742632	4060,262974
38	700	5,00E+24	0,020295146	20720,08606
38	700	1,00E+25	0,016607821	40873,59236
39	300	5,00E+23	0,019339122	2564,613055
39	300	1,00E+24	0,020386228	5312,732835
39	300	5,00E+24	0,042622623	26923,20796
39	300	1,00E+25	0,444856963	49593,53195
39	400	5,00E+23	0,017502113	2444,885452
39	400	1,00E+24	0,016864141	5094,614772
39	400	5,00E+24	0,017420604	25938,05814
39	400	1,00E+25	0,371318535	49711,77451
39	500	5,00E+23	0,015913373	2263,968275
39	500	1,00E+24	0,018784456	4790,291224
39	500	5,00E+24	0,018956369	24428,72156
39	500	1,00E+25	0,016963045	47987,44385
39	600	5,00E+23	0,01768925	2084,329517
39	600	1,00E+24	0,018842361	4443,437138
39	600	5,00E+24	0,017671974	22703,62817
39	600	1,00E+25	0,016648279	44737,12725
39	700	5,00E+23	0,017145166	1906,502039
39	700	1,00E+24	0,017386305	4092,621906
39	700	5,00E+24	0,01785541	20991,08184
39	700	1,00E+25	0,01852533	41377,82478
40	300	5,00E+23	0,017309368	2536,887078
40	300	1,00E+24	0,022328245	5309,378678
40	300	5,00E+24	0,075221621	26951,43342
40	300	1,00E+25	0,304327046	49439,47736
40	400	5,00E+23	0,016462055	2424,582419
40	400	1,00E+24	0,019797771	5094,58919
40	400	5,00E+24	0,020703555	25965,47929
40	400	1,00E+25	0,428723056	49544,52471
40	500	5,00E+23	0,017173188	2262,879143
40	500	1,00E+24	0,019057943	4792,727327
40	500	5,00E+24	0,016757266	24532,94711
40	500	1,00E+25	0,016001861	48167,34859
40	600	5,00E+23	0,019448198	2082,455708
40	600	1,00E+24	0,017517168	4464,995072
40	600	5,00E+24	0,018364716	22881,74609
40	600	1,00E+25	0,017267055	45112,36829
40	700	5,00E+23	0,018808649	1901,504276
40	700	1,00E+24	0,017446802	4128,573134
40	700	5,00E+24	0,018908278	21214,11712
40	700	1,00E+25	0,021600188	41840,07639
41	300	5,00E+23	0,019434201	2545,365565
41	300	1,00E+24	0,027510567	5317,893328
41	300	5,00E+24	0,212202008	26849,05589
41	300	1,00E+25	0,311583016	49671,5032
41	400	5,00E+23	0,015882044	2434,475208
41	400	1,00E+24	0,020104419	5099,686536
41	400	5,00E+24	0,019421118	25962,2501
41	400	1,00E+25	0,489762683	49434,34486
41	500	5,00E+23	0,016223893	2260,155652
41	500	1,00E+24	0,017283103	4786,731335
41	500	5,00E+24	0,017346794	24644,50653
41	500	1,00E+25	0,019992801	48275,56319
41	600	5,00E+23	0,0170051	2077,279688
41	600	1,00E+24	0,015789895	4476,324422
41	600	5,00E+24	0,017934039	23057,09841
41	600	1,00E+25	0,018006157	45399,86607
41	700	5,00E+23	0,015840503	1920,789395
41	700	1,00E+24	0,01777939	4144,125966
41	700	5,00E+24	0,017939539	21418,16432
41	700	1,00E+25	0,018910798	42241,69127
42	300	5,00E+23	0,018764365	2565,143499
42	300	1,00E+24	0,0214255	5305,01553
42	300	5,00E+24	0,195446137	26769,87015
42	300	1,00E+25	0,850756033	46521,74338
42	400	5,00E+23	0,018836549	2407,49354
42	400	1,00E+24	0,022871644	5102,463676
42	400	5,00E+24	0,031789939	25987,73319
42	400	1,00E+25	0,80587817	46700,50987
42	500	5,00E+23	0,018473577	2227,142963
42	500	1,00E+24	0,020347937	4786,201208
42	500	5,00E+24	0,01744745	24681,20881
42	500	1,00E+25	0,017656682	48292,18132
42	600	5,00E+23	0,02088595	2071,439879
42	600	1,00E+24	0,017345169	4477,982873
42	600	5,00E+24	0,020350945	23179,04208
42	600	1,00E+25	0,018969171	45640,22101
42	700	5,00E+23	0,020753932	1897,490317
42	700	1,00E+24	0,018029133	4163,92749
42	700	5,00E+24	0,015868837	21596,07768
42	700	1,00E+25	0,022751064	42578,37875
43	300	5,00E+23	0,016626358	2584,026467
43	300	1,00E+24	0,025071246	5318,557179
43	300	5,00E+24	0,2424641	26781,36742
43	300	1,00E+25	0,656637262	47748,78383
43	400	5,00E+23	0,018545048	2442,021726
43	400	1,00E+24	0,027334949	5082,954721
43	400	5,00E+24	0,142090153	25885,61793
43	400	1,00E+25	0,822387519	45418,31993
43	500	5,00E+23	0,016658473	2273,783361
43	500	1,00E+24	0,021701246	4792,268216
43	500	5,00E+24	0,018567652	24710,02141
43	500	1,00E+25	0,075095083	48252,2692
43	600	5,00E+23	0,017417841	2078,874618
43	600	1,00E+24	0,015971609	4479,010466
43	600	5,00E+24	0,017805742	23288,78237
43	600	1,00E+25	0,018831375	45788,74503
43	700	5,00E+23	0,017646345	1918,674702
43	700	1,00E+24	0,017534503	4167,353088
43	700	5,00E+24	0,018703582	21743,60114
43	700	1,00E+25	0,017135626	42867,30956
44	300	5,00E+23	0,0168196	2576,635922
44	300	1,00E+24	0,02345682	5322,79104
44	300	5,00E+24	0,375622529	26638,5364
44	300	1,00E+25	0,545985834	47044,16869
44	400	5,00E+23	0,015527596	2428,199147
44	400	1,00E+24	0,025490975	5101,70299
44	400	5,00E+24	0,175369672	25874,08709
44	400	1,00E+25	0,839310738	45975,84732
44	500	5,00E+23	0,01752364	2267,835423
44	500	1,00E+24	0,020645503	4797,30352
44	500	5,00E+24	0,026553631	24713,90953
44	500	1,00E+25	0,241922302	47863,52993
44	600	5,00E+23	0,020215279	2050,394887
44	600	1,00E+24	0,020160536	4482,416405
44	600	5,00E+24	0,018762666	23344,34745
44	600	1,00E+25	0,017886027	45877,19388
44	700	5,00E+23	0,023320951	1906,245948
44	700	1,00E+24	0,01781345	4165,432887
44	700	5,00E+24	0,019210191	21863,40183
44	700	1,00E+25	0,017644388	43092,79055
45	300	5,00E+23	0,018171911	2589,045101
45	300	1,00E+24	0,02867537	5314,62164
45	300	5,00E+24	0,204402807	26843,77621
45	300	1,00E+25	0,891098525	44907,20754
45	400	5,00E+23	0,019091141	2424,133622
45	400	1,00E+24	0,028157779	5113,654781
45	400	5,00E+24	0,244587427	25811,72326
45	400	1,00E+25	0,635624366	48154,26811
45	500	5,00E+23	0,020998539	2231,142016
45	500	1,00E+24	0,023322927	4811,923028
45	500	5,00E+24	0,083922613	24692,38105
45	500	1,00E+25	0,662907954	46178,79314
45	600	5,00E+23	0,020565227	2086,497206
45	600	1,00E+24	0,019848195	4485,848407
45	600	5,00E+24	0,018237221	23366,64629
45	600	1,00E+25	0,029546368	45886,55461
45	700	5,00E+23	0,019815969	1931,481808
45	700	1,00E+24	0,01975856	4173,081702
45	700	5,00E+24	0,016995369	21939,90017
45	700	1,00E+25	0,018365824	43240,36276
46	300	5,00E+23	0,016519709	2584,497686
46	300	1,00E+24	0,028995187	5308,555146
46	300	5,00E+24	0,231192765	26561,92043
46	300	1,00E+25	0,396033692	48200,38542
46	400	5,00E+23	0,017161926	2367,197607
46	400	1,00E+24	0,023013039	5075,652149
46	400	5,00E+24	0,252555818	25759,75625
46	400	1,00E+25	0,867280717	44304,31537
46	500	5,00E+23	0,018616622	2261,790092
46	500	1,00E+24	0,026325149	4801,893272
46	500	5,00E+24	0,16156915	24695,0876
46	500	1,00E+25	0,686348407	46758,68422
46	600	5,00E+23	0,019132034	2077,109612
46	600	1,00E+24	0,023464016	4493,638649
46	600	5,00E+24	0,016903448	23380,91101
46	600	1,00E+25	0,610097158	44376,43607
46	700	5,00E+23	0,019564936	1918,135834
46	700	1,00E+24	0,018409356	4176,229588
46	700	5,00E+24	0,017492222	22015,96384
46	700	1,00E+25	0,017246707	43343,27773
47	300	5,00E+23	0,019107837	2553,186167
47	300	1,00E+24	0,028041127	5310,667548
47	300	5,00E+24	0,333390477	26442,82711
47	300	1,00E+25	0,91600115	43773,52118
47	400	5,00E+23	0,015699542	2400,718922
47	400	1,00E+24	0,030922062	5095,352472
47	400	5,00E+24	0,30650287	25683,92858
47	400	1,00E+25	0,849039908	44362,22705
47	500	5,00E+23	0,019850271	2240,582132
47	500	1,00E+24	0,028740229	4790,651922
47	500	5,00E+24	0,219470485	24631,2251
47	500	1,00E+25	0,866460435	42270,86866
47	600	5,00E+23	0,022104916	2060,819298
47	600	1,00E+24	0,027951574	4462,314729
47	600	5,00E+24	0,047100131	23374,39247
47	600	1,00E+25	0,550154948	44311,12882
47	700	5,00E+23	0,021192966	1919,529116
47	700	1,00E+24	0,020073745	4175,703629
47	700	5,00E+24	0,017834064	22046,69792
47	700	1,00E+25	0,018556048	43436,79715
48	300	5,00E+23	0,014875468	2561,29478
48	300	1,00E+24	0,032321869	5352,500143
48	300	5,00E+24	0,232137268	26650,27191
48	300	1,00E+25	0,99563611	40902,05164
48	400	5,00E+23	0,018303946	2428,440009
48	400	1,00E+24	0,031767828	5078,52235
48	400	5,00E+24	0,321482333	25594,15597
48	400	1,00E+25	0,73785662	45880,94595
48	500	5,00E+23	0,019369529	2248,56441
48	500	1,00E+24	0,02668028	4815,947835
48	500	5,00E+24	0,106334934	24725,48721
48	500	1,00E+25	0,596695243	46486,45612
48	600	5,00E+23	0,017857713	2091,818428
48	600	1,00E+24	0,03348177	4496,355803
48	600	5,00E+24	0,076202307	23384,06332
48	600	1,00E+25	0,75247029	42169,9969
48	700	5,00E+23	0,020046605	1920,344254
48	700	1,00E+24	0,02184923	4189,388205
48	700	5,00E+24	0,019123261	22071,25367
48	700	1,00E+25	0,043738084	43417,78176
49	300	5,00E+23	0,017413145	2583,75915
49	300	1,00E+24	0,028056451	5328,974272
49	300	5,00E+24	0,188177057	26836,64811
49	300	1,00E+25	0,605374122	47405,54144
49	400	5,00E+23	0,020413048	2386,175919
49	400	1,00E+24	0,034277949	5101,245856
49	400	5,00E+24	0,214951209	25851,88827
49	400	1,00E+25	0,784530629	46144,68608
49	500	5,00E+23	0,020465321	2269,56017
49	500	1,00E+24	0,035186231	4768,979951
49	500	5,00E+24	0,281674138	24580,37599
49	500	1,00E+25	0,690292902	44856,52333
49	600	5,00E+23	0,018012377	2086,733656
49	600	1,00E+24	0,020311526	4480,823913
49	600	5,00E+24	0,121521401	23354,68887
49	600	1,00E+25	0,702819747	44311,01199
49	700	5,00E+23	0,018762451	1921,925433
49	700	1,00E+24	0,026094931	4193,245928
49	700	5,00E+24	0,031896637	22070,29787
49	700	1,00E+25	0,232427165	43257,73567
50	300	5,00E+23	0,015874179	2534,819341
50	300	1,00E+24	0,037281764	5273,688571
50	300	5,00E+24	0,345926482	26245,12072
50	300	1,00E+25	0,615196172	45742,89177
50	400	5,00E+23	0,017986777	2406,811387
50	400	1,00E+24	0,027741683	5086,0919
50	400	5,00E+24	0,265312919	25725,4704
50	400	1,00E+25	0,677221982	46918,38922
50	500	5,00E+23	0,019248603	2240,391206
50	500	1,00E+24	0,023822207	4815,962203
50	500	5,00E+24	0,253168391	24576,62837
50	500	1,00E+25	0,84741249	42161,03583
50	600	5,00E+23	0,020813553	2038,018892
50	600	1,00E+24	0,029223375	4472,917792
50	600	5,00E+24	0,144571048	23359,19099
50	600	1,00E+25	0,878747108	39004,07288
50	700	5,00E+23	0,019902212	1936,720077
50	700	1,00E+24	0,026428243	4191,289891
50	700	5,00E+24	0,061613254	22067,21571
50	700	1,00E+25	0,524479861	42262,63038